Wind_Velocity 6 8 10 12 14 16 20 
Beat_Angles 46.1 44.8 44.4 44.5 43.0 41.7 40.8 
Beat_VMG 3.03 3.70 4.21 4.69 5.07 5.26 5.42 
52 4.78 5.76 6.54 7.18 7.54 7.69 7.80 
60 5.16 6.17 6.98 7.48 7.77 7.95 8.07 
75 5.53 6.58 7.32 7.71 7.99 8.24 8.54 
90 5.53 6.58 7.34 7.80 8.00 8.24 8.78 
110 5.38 6.59 7.45 7.90 8.28 8.66 9.07
120 5.23 6.41 7.33 7.82 8.19 8.59 9.42 
135 4.75 5.88 6.87 7.53 7.92 8.28 9.09
150 3.99 5.09 6.06 6.91 7.51 7.88 8.58 
Gybe_Angles 145.9 149.7 151.0 153.7 163.2 180.0 180.0
Run_VMG 3.46 4.41 5.25 6.02 6.68 7.29 8.04
