Best_Boatspeeds_kt 4 6 8 10 12 14 16 18 20 25 30
30.0 2.47 3.72 4.64 5.19 5.44 5.54 5.53 5.45 5.29 4.37 3.37
33.0 2.82 4.20 5.21 5.73 5.98 6.09 6.11 6.08 5.98 5.41 4.03
36.0 3.15 4.62 5.68 6.17 6.41 6.52 6.57 6.57 6.51 6.11 5.15
39.0 3.44 5.01 6.07 6.54 6.78 6.89 6.95 6.97 6.94 6.66 5.98
42.0 3.71 5.36 6.40 6.85 7.06 7.17 7.23 7.26 7.26 7.09 6.59
45.0 3.96 5.66 6.68 7.09 7.28 7.39 7.46 7.50 7.51 7.40 7.08
50.0 4.32 6.08 7.06 7.40 7.58 7.70 7.79 7.85 7.88 7.84 7.63
60.0 4.88 6.67 7.53 7.86 8.06 8.22 8.34 8.44 8.51 8.57 8.49
70.0 5.22 6.98 7.82 8.22 8.47 8.67 8.86 9.02 9.14 9.33 9.35
80.0 5.36 7.10 7.94 8.50 8.85 9.13 9.39 9.60 9.80 10.18 10.39
90.0 5.32 7.07 7.93 8.60 9.18 9.57 9.91 10.26 10.58 11.25 11.70
100.0 5.10 6.90 7.81 8.50 9.22 9.91 10.50 10.98 11.43 12.42 13.23
110.0 5.00 7.05 7.97 8.51 9.01 9.76 10.72 11.59 12.26 13.70 15.11
120.0 4.99 7.05 8.12 8.73 9.33 9.90 10.51 11.20 12.42 15.08 17.03
130.0 4.78 6.81 7.99 8.84 9.56 10.26 11.00 11.75 12.51 14.80 18.38
140.0 4.30 6.23 7.55 8.47 9.44 10.48 11.44 12.35 13.29 15.91 18.49
150.0 3.62 5.39 6.87 7.87 8.72 9.66 10.84 12.21 13.70 17.10 20.01
160.0 2.90 4.40 5.74 6.79 7.48 8.06 8.63 9.30 10.07 12.73 16.80
170.0 2.12 3.24 4.32 5.37 6.33 7.15 7.76 8.31 8.87 10.60 12.93
180.0 1.85 2.82 3.79 4.73 5.63 6.46 7.17 7.73 8.23 9.55 11.29
Dn.Bt 140.0 142.5 148.0 152.1 150.7 148.0 147.6 148.7 150.1 153.4 155.8
Dn.Vmg_kts 3.29 4.79 5.96 6.83 7.55 8.39 9.45 10.62 11.87 15.37 18.70
