Best_Boatspeeds_kt 4 6 8 10 12 14 16 20 25 30
Up.Bt 46.5 44.8 42.8 41.4 40.3 39.6 39.3 40.1 42.2 45.5
Up.Vmg_kts 2.33 3.33 4.03 4.47 4.68 4.81 4.86 4.86 4.73 4.49
50.0 3.60 5.07 6.03 6.55 6.76 6.87 6.94 7.01 6.98 6.84
60.0 4.04 5.55 6.43 6.89 7.13 7.25 7.34 7.45 7.50 7.46
70.0 4.30 5.81 6.62 7.07 7.39 7.55 7.66 7.81 7.90 7.93
80.0 4.40 5.90 6.69 7.15 7.51 7.77 7.93 8.13 8.30 8.39
90.0 4.36 5.87 6.78 7.18 7.53 7.86 8.13 8.46 8.72 8.88
100.0 4.31 6.04 6.97 7.41 7.67 7.87 8.15 8.74 9.13 9.41
110.0 4.41 6.12 6.99 7.52 7.87 8.11 8.33 8.73 9.55 10.07
120.0 4.33 6.00 6.89 7.46 7.92 8.31 8.61 9.10 9.76 10.70
130.0 4.01 5.64 6.66 7.27 7.77 8.25 8.74 9.57 10.51 11.48
135.0 3.78 5.40 6.50 7.14 7.66 8.13 8.63 9.70 10.91 12.05
140.0 3.54 5.12 6.30 6.99 7.52 7.97 8.43 9.46 11.10 12.63
150.0 3.04 4.50 5.74 6.58 7.06 7.43 7.75 8.41 9.46 11.14
160.0 2.24 3.41 4.48 5.42 6.19 6.72 7.11 7.77 8.59 9.62
170.0 1.84 2.80 3.74 4.62 5.41 6.09 6.60 7.30 8.00 8.73
180.0 1.61 2.45 3.29 4.09 4.85 5.53 6.12 6.92 7.62 8.25
Dn.Bt 140.5 144.1 148.2 150.5 150.3 150.0 151.0 160.3 142.6 144.3
Dn.Vmg_kts 2.71 3.95 4.98 5.70 6.12 6.44 6.72 7.31 8.62 10.21

