Best_Boatspeeds_kt 4 6 8 10 12 14 16 20 25 30
33.0 2.37 3.57 4.50 5.17 5.62 5.90 6.05 6.08 5.74 4.67
36.0 2.69 3.99 4.98 5.68 6.10 6.35 6.50 6.55 6.34 5.78
39.0 2.97 4.36 5.40 6.08 6.48 6.71 6.84 6.90 6.79 6.41
42.0 3.23 4.68 5.75 6.42 6.78 6.98 7.09 7.16 7.11 6.88
45.0 3.46 4.97 6.05 6.69 7.01 7.18 7.28 7.36 7.35 7.21
50.0 3.79 5.37 6.44 7.03 7.29 7.44 7.53 7.64 7.67 7.60
60.0 4.29 5.92 6.92 7.43 7.69 7.84 7.95 8.10 8.19 8.20
70.0 4.59 6.23 7.15 7.65 7.98 8.16 8.29 8.47 8.62 8.68
80.0 4.72 6.36 7.24 7.75 8.14 8.42 8.58 8.81 9.04 9.18
90.0 4.70 6.34 7.23 7.78 8.18 8.53 8.81 9.17 9.48 9.70
100.0 4.51 6.17 7.27 7.86 8.24 8.48 8.83 9.45 9.89 10.23
110.0 4.36 6.13 7.21 7.82 8.29 8.63 8.87 9.42 10.28 10.87
120.0 4.15 5.88 7.02 7.67 8.19 8.63 9.03 9.63 10.26 11.42
130.0 3.76 5.43 6.69 7.44 7.99 8.46 8.91 9.84 10.97 11.98
135.0 3.53 5.16 6.46 7.29 7.85 8.33 8.77 9.74 11.21 12.59
140.0 3.30 4.86 6.18 7.10 7.69 8.18 8.61 9.54 11.10 13.01
150.0 2.83 4.25 5.52 6.56 7.28 7.79 8.23 9.06 10.35 12.32
160.0 2.40 3.64 4.80 5.85 6.74 7.36 7.85 8.67 9.78 11.39
170.0 2.17 3.28 4.36 5.38 6.29 7.02 7.55 8.39 9.40 10.72
180.0 2.02 3.06 4.08 5.05 5.95 6.72 7.30 8.16 9.09 10.19
Dn.Bt 140.7 143.2 146.3 149.9 155.4 164.8 168.3 170.5 168.3 157.3
Dn.Vmg_kts 2.53 3.74 4.81 5.68 6.36 6.94 7.44 8.27 9.26 10.72

