!Expedition polar
4	0	0	44.7	4.20	45	4.23	52	4.67	60	5.05	70	5.33	75	5.40	80	5.62	90	5.91	110	5.94	120	5.70	135	4.92	136.7	4.80	180	2.24
6	0	0	42.5	5.82	45	6.03	52	6.48	60	6.78	70	6.97	75	7.00	80	7.01	90	7.10	110	7.29	120	7.27	135	6.74	139.8	6.37	180	3.39
8	0	0	38.0	6.35	45	6.83	52	7.15	60	7.44	70	7.75	75	7.85	80	7.89	90	7.81	110	7.92	120	8.00	135	7.73	145.9	6.92	180	4.51
10	0	0	35.8	6.58	45	7.15	52	7.47	60	7.80	70	8.15	75	8.25	80	8.40	90	8.58	110	8.45	120	8.58	135	8.62	145.7	7.82	180	5.59
12	0	0	34.7	6.74	45	7.39	52	7.74	60	8.10	70	8.47	75	8.64	80	8.81	90	9.09	110	8.97	120	9.17	135	9.28	144.0	8.94	180	6.56
14	0	0	34.0	6.87	45	7.59	52	7.97	60	8.34	70	8.77	75	8.99	80	9.20	90	9.60	110	9.50	120	9.79	135	10.15	144.7	10.09	180	7.31
16	0	0	33.7	6.99	45	7.76	52	8.16	60	8.56	70	9.07	75	9.32	80	9.58	90	10.10	110	10.54	120	10.47	135	10.99	147.1	11.14	180	8.04
20	0	0	33.8	7.19	45	8.03	52	8.46	60	8.97	70	9.63	75	9.99	80	10.36	90	11.06	110	12.03	120	11.80	135	12.70	150.0	13.48	180	9.72
25	0	0	34.6	7.40	45	8.25	52	8.76	60	9.38	70	10.28	75	10.75	80	11.21	90	12.14	110	13.52	120	13.69	135	14.74	155.8	16.28	180	12.50












		
